66202
3
506
7
504
9
500
12
499
13
497
14
496
16
495
17
493
19
491
20
491
21
490
21
490
22
488
24
487
24
487
25
485
26
485
27
484
27
484
28
483
29
482
29
483
29
482
30
481
30
481
31
480
31
481
31
480
31
480
31
480
31
480
32
480
31
480
32
479
32
480
32
479
33
478
33
478
34
477
36
476
36
475
38
473
40
471
42
470
43
468
45
466
46
465
47
465
47
464
49
462
50
462
50
461
52
459
53
459
54
457
55
456
56
456
56
456
57
454
58
453
59
453
60
452
60
451
61
450
63
449
63
448
64
448
65
447
65
446
66
446
66
446
67
444
68
444
68
443
69
443
69
443
69
442
70
442
70
441
71
441
71
441
71
440
72
440
72
440
72
440
71
440
72
440
72
440
71
441
70
442
70
442
69
442
70
442
69
443
68
444
68
443
68
444
67
445
66
446
65
447
64
448
63
449
62
449
62
450
61
451
60
452
59
453
58
454
57
455
56
456
55
456
55
457
54
458
53
459
52
460
52
460
51
461
50
462
50
462
49
463
48
464
48
464
47
465
47
465
46
466
46
466
45
467
45
467
44
468
44
468
43
469
43
470
41
471
41
471
40
472
40
472
40
473
38
474
38
474
37
475
37
475
37
476
35
477
35
477
34
479
33
479
33
479
33
479
32
481
31
481
31
482
29
483
29
484
28
485
27
485
26
487
25
487
25
488
23
490
22
490
22
491
20
493
19
494
17
496
16
498
13
500
11
505
3
110486