156981
2
509
5
507
7
505
9
502
12
500
14
498
16
496
20
492
24
488
34
478
41
471
49
463
52
461
52
460
53
459
54
458
54
458
54
459
52
460
52
461
51
462
49
464
48
465
46
467
45
468
43
470
9
7
26
487
23
490
21
492
19
494
17
495
15
497
14
499
13
499
12
500
11
501
11
501
10
503
9
502
10
502
9
503
9
503
8
504
8
504
7
505
7
504
7
505
7
505
6
506
6
505
7
505
7
505
7
504
8
504
8
504
8
504
8
504
8
504
8
504
8
504
8
504
8
504
8
9
3
492
9
7
5
491
10
6
5
491
11
4
6
491
21
491
22
490
22
490
23
489
23
489
24
488
25
487
26
486
27
486
27
485
28
484
30
482
31
481
33
479
34
479
35
477
37
475
37
475
39
473
40
472
41
471
42
470
42
470
43
469
43
469
42
470
41
471
39
473
38
474
37
475
36
476
35
476
35
477
35
477
34
478
33
478
34
478
33
479
33
479
33
478
34
478
35
477
36
476
36
476
37
474
38
474
38
474
39
473
39
473
38
474
38
475
37
475
36
477
34
478
34
479
31
482
24
489
22
491
21
493
18
495
16
499
13
502
9
507
2
39071